34.399455728294
-281.404018884176
-125.640695133264
-10.8098745028478
-191.605153108934
21.3903684917111
37.6428559142441
-8.70392677935516
60.6740440391927
125.596604650347
-39.7567696117326
-69.2065558448734
-77.5589883334507
-70.9980969207706
-118.552348704192
54.3558371410109
-4.20921577817872
-82.2647018941061
-102.397077684619
17.6675726742984
30.4004802642678
240.700041248195
-62.3777072008158
203.711310324187
48.4144909079378
9.19996857782753
-64.1867927529868
-98.0202530306288
6.43203836869941
-114.496065753765
217.429001568817
-10.0967708714529
3.5670233187728
219.161064799789
-132.981073645573
116.058766667744
-36.6030953327565
61.4472351017502
-118.969571650101
114.978489908794
-23.9646764265822
106.493215994819
32.8478488830057
73.0872968933371
25.6222714792917
92.3210203934928
-79.9786357019584
140.964545345852
-0.444412676462489
-197.938817185132
2.63003932604519
-85.0475632452496
81.9442382204329
119.364875595282
-90.131730068622
-20.2284120800079
-66.0348305652513
38.9327401165565
-12.6402699719132
-118.720995193688
140.559487900527
45.9963905258336
-101.156271494004
-68.2450979780101
-37.319218619957
-103.854624863393
-45.3573004302579
-63.0588498941598
53.3181061464598
83.2554502284929
-36.4104361339492
114.078208158121
-19.3802818533375
-215.268868157685
150.896470330705
-55.0553059460585
-120.009285897956
-20.5759361026037
15.6401039244919
-38.3826081731132
43.710204362253
215.608160676174
199.126048751182
30.376899507355
66.9690727103935
115.116352816789
68.9231780971597
-201.611605503272
158.258308077853
-122.710893205445
-97.3673432985929
-158.536471335258
272.167812214824
2.43014496493586
-83.8310820000856
-42.6919128493931
98.3720079859476
-22.274516733092
-11.5747382977865
59.100692694141
-164.213761069346
-134.313347749025
-81.070848054683
-67.253108509681
-44.7135525388176
-60.9241181814366
-313.7000841226
-62.9548171129045
-49.3285759000085
-186.400905376515
-108.267233760992
-131.573360028557
152.136582502146
-35.7524793761892
-69.8461335438882
56.8980757396666
-64.0004785640736
7.24348776510827
64.35477590242
-7.56333361099187
-67.7697182284474
21.4696620947698
177.50887462757
55.471685367737
-12.7837301406066
124.549120072108
-165.710246368589
-36.0376422617416
-129.027431861605
46.0428468097581
146.391069065449
-134.870733862156
-155.939088433289
-125.151930730196
193.639538721346
-180.593457674504
-125.680651506448
32.5831794426911
190.046903256042
-119.974047595553
-34.4592260905905
132.79906680051
-47.9435753761295
120.130183574879
-84.3246678210841
7.56082245127857
-57.0892608607595
-60.5850844920547
-46.0256813927581
45.1149098321456
14.2818567012197
-48.5477597156699
197.083549017347
-85.2542040676805
12.8014951054148
4.38155479913191
80.577007964457
-0.475042392120097
63.7147737227902
-5.45220140668999
-82.0849934397261
-37.2136920588265
-26.6226345934811
82.1087782004624
79.6716768274385
-22.8497370454736
123.339975343637
-54.6030269754123
-50.110836961212
69.4693332978708
-21.0142025464788
-19.1739162479668
-106.095890166267
-159.666919672952
95.7766577737637
44.2248162381508
-54.8014099176557
40.9258255727226
83.9891487010168
38.1917726227436
148.701647568395
111.482508132569
109.350945729391
43.8224259299838
5.56781245467102
-115.948374795947
74.6381003813674
-77.2511074600748
51.6539402811761
61.1844183813411
99.5569493441812
106.286692353932
79.9755163323369
-269.494540256018
107.60352170096
-119.249205632777
37.9967444306742
-25.9372722087231
118.776034373297
44.0768709738694
-134.548326084516
-98.7896842783546
74.1169640313876
-65.2193988236326
43.9105212444919
52.3575062543569
66.4394191997733
-128.521164802385
-51.7643416800945
55.5554831551801
143.908607568608
-1.40861852823974
141.864513924379
83.7001229523257
-111.902640821872
-26.6704176218805
-24.0436991047999
118.861950237104
-62.1697172273263
-23.7149025701288
172.399123435573
52.9169937609706
76.9296342636697
48.8267159517074
100.9457979454
198.096122004243
-173.6953491759
59.5061474007299
-8.09432293598069
-199.052529390729
-89.4267799512568
-41.5238790682845
-56.9236691917553
-16.9250866766326
51.3038013446414
-57.500243189192
12.0847692442231
92.8100240114934
137.73969709153
-10.9940005625564
-83.1331765656448
28.405651083273
48.0945215871392
133.360322519318
-156.256496113404
-12.1672994352459
-91.1453360797556
1.79483170629904
-59.5745893074822
-60.0359805352982
-98.6276828474004
-55.8807194132808
-74.5688602217203
-34.9136408243708
-144.861939870655
173.007107705598
-30.2553248656658
-8.57942952401989
-19.9825814213117
-127.707109396298
96.6974989603839
5.98829096580037
-166.883092020514
233.802532926028
-264.836877744795
-94.0362090663258
-87.6216083104101
-172.533938849065
83.404542624101
75.0385462749848
55.5491014180759
44.1596836616602
-26.5334275982069
67.2602766398314
-62.9380329553536
-58.3155680544224
-146.533127707747
78.2979090276273
-14.50318841612
-50.2284031982371
-193.114472952554
51.9225477179797
-56.0555640775862
246.508812987591
89.8607376447451
49.9251940366567
-64.4508157305898
114.554066575998
-96.3226420909492
123.203212676092
-149.361706666756
-42.8671733904153
-32.1657539305679
-7.33345058182285
72.3693274232868
98.0752970722064
-78.7960377178455
-98.4212631976919
-154.261772179462
141.146691870384
88.7915463338604
106.558594558303
17.6857748402127
41.3255019982503
-98.3218272856181
-18.2385779891705
-81.1160227442255
-29.9847066874268
-52.4543597701697
105.082831201672
97.2305130775642
237.912803274889
-1.25181036540037
61.283234859821
-23.3067624608163
-173.733176210386
-28.3390821245265
57.9984914301299
124.963480340173
90.1057327705123
-81.2119337347059
89.328229993813
-118.479851213232
-124.948645776368
-20.9435885309877
103.002332955073
-2.23315116754992
-141.398780001767
52.373282653235
66.0554532920175
-6.72397662565896
66.8409776733743
-59.5070918819839
-71.4334473647777
60.0452525936635
102.432730002836
-89.3130118749861
-1.50439398195599
-90.9600593801809
-26.6612334327115
65.9149700206464
-99.7478226099316
32.1713142768061
63.7679299874051
-63.8567625770591
-49.5812362187465
20.8489321034333
-101.098254024217
-84.5861652161307
-146.020272901841
-50.3042711976717
-39.7678686056325
-12.95515805078
-69.5523671374443
-100.46155392701
-196.109362774657
-48.208507977375
-34.2950770011554
59.3312232350809
92.5481364958541
40.3013996202669
-52.67661775994
-221.665224679629
62.1599157891193
42.5469028625981
6.27870281598539
-17.0249993041503
-29.7097983392649
36.5116361935319
-29.8894930859358
44.5449492323117
-7.53011992003217
16.6310489972677
39.133444504541
-47.2775390239982
-92.2216794768263
-67.1114606517584
50.0858094106364
-46.9517373875201
143.20602111629
-24.7161406756774
35.1895245654837
-94.615242343728
-5.11135515298707
6.31780363996094
5.34636322170725
-30.2274026292087
18.2935122423675
-114.270515911086
-107.32894863169
-3.49632040902529
-189.264702056661
-87.2033623019003
38.4750647596448
7.18952660135548
2.45335569391151
-155.422827469419
115.855952389942
-38.7332381287235
-43.1059999851183
43.786231065377
9.3485112927896
10.9963302406307
-23.0118092022897
-50.8366204651634
70.5923777273267
-35.0852857104452
-119.366271676424
70.9113528176379
77.0546023865016
-14.1364613497684
118.731555080179
118.279216979218
110.474306203074
97.524505910932
-41.2767298035414
-107.734279487106
-186.154017331122
-64.927613273271
-85.9821270687332
1.22405141773431
-211.456470449309
-150.609458751475
-39.1319843812421
1.27698006047096
-120.290442563562
-25.7578810591503
0.099136895518083
5.18422941073299
-105.306688655275
162.535699016119
-55.5570007081286
-65.6076362967944
56.6560645213354
124.495691537704
0.306302750009713
13.2832584075738
59.6957600755434
-167.033470489163
-52.4492769988538
33.972709309623
-65.2287575626667
166.684701700343
-8.27385509549147
139.095715366191
-18.6368137900316
253.651729775998
-66.711439238852
8.84935563929514
93.0183323764242
-84.9131294405076
19.8643879699201
5.64497530724594
68.791140858993
-106.882857461379
-101.84354695195
-27.0525211092981
97.0668943108951
-79.6405556277161
-98.3571832498452
67.0279017495965
43.0591450787566
-44.318164461455
-110.549226437014
-56.5290999305976
33.0692691626006
112.539454821468
47.889913566002
-196.201530561216
144.151665755291
-40.0408326023684
34.1795177794114
-13.3291789956059
-45.2297550787394
-117.52375683585
-60.4789190826573
-41.1826125689475
-17.5734428661367
58.1192702002934
109.845914575421
-126.478415788165
75.254612194999
-157.321358355255
-104.893511264774
181.69347994883
104.058047563884
-52.2390853689766
51.0342876091231
-58.7883847936622
26.8488937611868
70.3456383628449
70.9347417767368
6.87835453520674
211.623915988958
-82.4945133193121
-141.157207346108
-89.6892424056812
204.320885370551
48.9612088411643
-29.1320013779063
-42.6251900031688
46.5482351986536
-35.0693921069064
-184.629375600524
9.88125321324841
-71.349991912416
162.43207978963
-92.6025990059265
-45.2084704462778
-30.9472680986279
48.0912886488959
-131.765603685911
296.395147439547
39.8296695391321
107.56234189156
32.0496863402823
-5.96567050060062
-44.9240002167967
29.7278906333073
77.6502585161114
1.76906028129609
7.44994200657481
78.2382203142485
-60.7694438355236
-70.7497286575789
-131.18208977004
41.9610907032467
82.7150179055548
-109.19957592731
13.2259879294131
9.49047879051489
28.1055530368958
-207.894155197023
-8.40440344455516
-191.906653795201
-114.036612930607
-146.08042628331
-107.009908277445
99.2200093008573
31.5205741595939
-34.1164974453155
41.6874723467433
-66.8774186819939
87.6343436856439
-55.5431866339319
169.860664007395
-70.1051821140597
42.6574769977523
77.7789042496319
203.580177400076
43.7471716231491
-14.4471665869679
2.80900351925449
130.740951511519
87.1243728488664
32.6026300183566
248.214956574253
-84.1394191301052
-88.588416142594
-90.2497216482616
140.216844768424
126.644322402042
-94.20593950281
-123.935408794807
158.870304029081
-154.269988159657
-156.8602703938
-33.5336638885415
52.2002188981009
-42.6686485547055
-14.3081464205578
58.5596823194777
186.189678611964
54.9697698996651
-18.2015400448915
-68.2656953246804
-86.4711785475331
278.913487833984
-23.84289347332
53.6423007222888
96.2944048614143
3.88994460949087
194.782107790561
-181.582542141932
-301.334891835206
-51.7889525170112
29.4718619626359
75.2982844547693
48.085926566598
-127.677828829548
68.8987771986044
54.7288437671805
-174.792910934449
-44.2738393475691
215.402841299733
265.73784754969
102.282163154048
1.19755403043345
115.475258127703
29.9294137066227
33.6912763308865
-2.46266672351432
-109.595240068095
-102.710436810539
13.4051778025824
221.795259850008
-126.369623358033
79.7096324745315
-123.031795072702
114.677879785406
-22.0945643706492
116.129223268878
-55.0726630461051
-64.0573709808111
73.4440717796109
180.154564618553
33.0795582060272
12.7594283875551
31.9205645832732
-149.965635141419
157.025905318957
-186.452108478501
-84.5524819084653
-40.7471116206836
-56.8208222034875
56.0033020772286
95.2516223427548
19.7382492613954
41.3268336690911
-67.1789441835507
63.659454606943
138.032574364011
-31.2636348750082
14.5522258858349
-226.314795270929
-15.1391138122936
-151.579701991921
-17.5767946286771
-122.099044124181
-140.217947569923
211.670001133905
-124.848319003045
145.88475281713
121.812287313098
-57.529733278043
-137.881439163238
-78.214836594548
-7.59302611321072
173.065338127331
-136.477832291312
-157.677933184228
-145.543921338123
180.788191237857
43.7925734103773
65.7353772912317
-19.3883814948883
225.212735962525
11.1253343131525
41.9306251394201
-48.2891626394132
-52.0601326394931
37.1828733078468
84.3135712308788
107.279635372872
45.4603594000588
102.541556160493
-66.2279152606296
-0.764371410539574
-61.6150914287774
148.974363743128
-38.7131336703739
33.4903201579134
24.7216809835213
-80.9156052692441
38.9511683834564
30.2162972019067
-109.111099079137
32.3492565719058
-105.211861253402
-110.141964665295
51.7984476112685
-59.881604165355
35.0640795450171
-4.65296255722718
-54.4057512539853
-21.9224122109563
76.6832288891933
19.1875983582331
-56.6533852758304
-195.126730409375
-23.9567131149889
-80.9958834717815
-143.352818758871
148.168443646139
79.9553658560703
-27.6263976364778
79.7305658469772
71.2105954698063
-58.2109875286084
54.9358225490209
130.167606365208
8.32869889352983
-3.36475562041866
108.122565709831
38.124598745864
-61.8009261701222
119.579142255728
203.589754498238
-13.8879303163843
-9.46005120591548
-121.020125837878
-32.6237116437247
-69.2006274968827
3.74359081572779
-315.194850347382
-135.994661104916
11.9637904154412
-14.354939571616
102.134612797985
9.66305150913788
-15.3789332618514
-127.763874660035
-17.2754205593521
155.568856641283
88.4661142990507
-86.1660340975692
53.0635861149821
53.7946779971987
122.640990084593
-136.644817510723
151.459408994439
-164.231951488994
-58.1728915973342
-70.2251229652053
42.354137713784
38.1134845077062
29.8961466675615
123.603591642933
181.052505549983
133.221871761121
-128.985215429576
-144.081130934806
50.0866534339837
71.5362859603119
-89.2134348328481
115.10104920926
-1.03122330997956
77.2331020091128
22.4778006697689
-177.992335670881
-80.0957335989208
172.480696224727
-43.0276488994884
-58.4260348569726
-95.7669952054862
-5.02475127983825
96.4672097772993
57.2362517842112
-106.155883297736
-56.4372353538036
-76.8130777231179
-45.3728494734808
176.829173310973
-0.561571883805862
70.6686503732492
22.369665274048
178.776999531594
-195.679486298346
67.9877213903234
-1.77678531357861
-16.3049908883066
250.080928513872
-51.6458823780926
76.170110985676
83.8140239272453
100.513474684129
63.1513414252203
17.6570721285269
-93.2484128577176
-17.4366007251249
51.7504635924512
-57.4851759540447
91.3258427454241
66.2504757621334
-81.9221141507255
31.4580416984722
-20.8778079503387
-57.863985081842
-24.4501248957188
-152.144963355984
-144.17263762687
10.3674368823952
101.401491575361
21.3048743824015
-33.4226670370332
111.772154358691
81.3724498520652
118.755850941193
-43.4135576279582
13.7692358796634
-26.9298550367678
26.6652015276435
84.483220317282
53.7515378324526
42.4471915497451
-87.1988762958569
100.304040321964
95.8460237620706
104.968981280332
116.192316061827
-21.7424241036059
7.95589468401026
-81.4499423747714
-149.279223315222
-96.2114114774823
168.932463349199
-146.874968658571
42.4327248858059
-132.235429166439
3.96352302944388
94.3451139228829
-100.286598836827
93.0984125871786
-72.7346771586876
-108.347850410406
182.105075933005
-200.087205473629
21.5478319003267
40.6517247262417
-147.332671119365
-108.279056066897
48.6537471183583
57.8902268728865
148.37126124007
20.8707214008025
54.4484083325139
47.6904992746241
71.9162772111961
201.07296449562
68.8373160629023
65.6285011843765
6.29030796922809
-39.5634644076216
147.864390805914
46.5910381579223
48.2812834228042
17.1084428464036
-105.809679108712
56.0940975915387
-48.590007323204
111.163057314004
40.4145232551479
87.6386980762726
104.880357629615
14.3495850663555
-33.5122434889544
201.128360675369
159.275391381406
198.163446263191
-96.5954803840787
-103.156398020698
117.837570616791
7.53052945419243
64.9363058437028
25.9003651367387
-10.036526322468
-4.91489259605025
14.8454175978392
9.12852090932557
-114.430233553924
-70.4677344939492
76.8514597293512
79.517923892796
189.56980248515
81.3800004214535
92.0067830512121
36.3344748966162
-22.5953813937189
-30.5946302620676
48.7092906737389
35.0447391885205
-102.744219400124
-83.0095194829346
6.3432958074956
88.6637952006554
18.0092889232415
-186.110408554401
41.7239295904984
60.0581309667965
9.75602885904363
-157.969967492186
130.293281015622
-117.728713413039
-36.3337823387942
-68.3364658876066
159.379855600374
75.8468149360285
143.890153112169
-59.4147759214829
0.634165804586833
-98.2729674291176
73.0385724039993
65.636965002259
-89.9660613642953
-31.8812566498903
34.1479921849438
21.941588783586
-9.41833749079498
83.802068059993
-51.1898807488028
-19.3392692357033
57.2586082211804
-7.04341193424864
-42.311307050378
-227.277827562911
42.7437686356524
130.325433738279
31.908371892585
-1.5641445783336
-22.2091978624574
-117.561267253309
-84.7776007147111
-160.081846055894
260.484709603916
-16.979556275629
80.8935292095663
23.5415552762231
57.5846075765307
150.341427860148
-24.7642722696855
15.1510233157022
42.3400576023421
87.7273955140569
96.8014896817589
129.817957945687
129.510898685514
-11.9784712597481
16.6836376918591
222.743671648495
131.742346584776
81.1025350611172
-28.1166942773734
70.4630800524025
-91.2772697147629
67.6130344465014
-116.478310136526
50.8425251685558
-145.766136825545
147.440464582678
-84.3175395936656
254.540124400442
-127.484506635313
67.1916860577677
-80.6654644217013
117.356842784178
-164.081539807154
-152.865778482278
71.9768381990886
212.404817071297
-54.4662308482119
19.2499784969829
-91.4320675233352
29.1789410288124
7.29881931803752
-72.8742750865545
-77.094984425338
-41.1685385994301
112.678786605047
156.806019600054
141.603025941111
-175.331167668233
-27.7389273208241
60.3594219540862
236.998334621854
-20.7074639145147
61.7362661208154
-15.6291089090502
-176.500164968023
195.302270460144
38.9646092669339
27.082862870623
82.6803737869071
-5.28461303519044
-98.5751983338269
20.3789553826706
5.32189042051959
61.6559706138583
274.207731913058
101.020490366105
116.166646397722
11.7684087894052
-65.1304606255255
-106.508797664624
2.90350170901339
165.65010418064
100.879124750265
37.3294115786143
-10.7080853267851
-14.3170257016642
64.1331631587987
-93.6733210970375
-131.212906552256
82.524881977866
-37.1536809109496
47.1840104734619
94.6616149254512
100.61452900663
-46.6906791858095
-24.9412773760743
-62.6153239116026
-54.8749606937825
-182.568054650296
217.017662306016
-78.8787939570816
-37.6961293999554
-6.67829953522298
148.865253730479
144.945307464976
-132.609054825993
-106.810453807236
169.153160096176
-44.8556111311439
-141.772431877107
-119.75609960468
-173.516100532061
160.298745102019
51.6940984068547
-189.222387639245
71.9714051035316
107.772141519344
-58.6580498673001
-26.9530813074046
-113.124072035587
-16.0189363172935
-45.6067094868279
66.831652072411
-60.5707024117418
-33.8598801133646
-132.838943487551
-136.388629583705
47.2948431695076
-157.431026753334
-21.6384849840145
20.9719429686605
-112.616076118414
-37.416947267407
34.581051880564
-40.5733539069632
-194.999857720881
27.08651890786
63.4242439764052
-80.6151685630815
-81.8167394654929
-150.022427873359
-140.287818711435
74.5152210457891
-73.0125334910565
-51.106909815981
81.1651361935165
-40.193030045242
19.3123749366353
31.7095310851048
-23.5896982412067
-31.213213510077
-65.6662322549623
-20.2933911625913
-173.963417746204
18.1144668662046
-68.1895446808254
56.6943050157932
89.6020425305741
102.110391057119
81.4526591893664
174.455493842978
-172.695886298492
-59.0620322860417
12.8346890772811
109.648898594222
20.5190780076803
22.1439234588808
-81.9594635411099
63.8167737589091
-55.6763407027839
-93.4745750324785
-116.177589460263
-42.3968259324844
34.8955911367668
-45.8760382672945
-77.1577343191571
80.9861878898208
-112.08009703316
144.592284481685
-184.580385779027
-62.6966484759242
183.974267780867
45.0057988833253
38.7222978958375
-11.6312971657532
-70.0899801505025
140.196780034952
-72.1276561280934
-106.993073692534
-57.2636332492127
-32.5239013310051
105.37529866727
-93.6317941670674
-39.6855509330764
120.997306032638
-174.18249093668
-116.816639750427
-117.292867841684
-19.8376904365638
80.5770772030679
-100.352998523329
87.4636727830971
-61.3517705247056
-2.28521811864916
-148.135003665077
-6.60359444345581
-33.3653673557023
78.0164815557052
120.259663968542
-112.768312949874
-203.248033526417
-35.1003679513396
-213.40429219108
58.4520323994545
64.6370301731664
180.637535301293
104.680720303502
-50.4407613121663
-63.7853483579248
77.7968670953126
-68.7267728710504
11.8682560471862
28.6233161085578
-19.9618398562682
161.564017393074
-6.09806114238314
35.9884261509285
44.3739432771512
64.6271847468608
18.3897105686395
28.0337580991235
68.6902151544779
-2.40108028561649
5.37182158203868
-60.3146706959365
92.6437810841362
-104.677672349637
-35.4153645446128
-18.298803421698
-116.622799690589
-64.628803395276
45.1100611431442
-89.745749815685
28.6231054546527
-110.913126232049
-71.2731299361958
-60.6558241701796
-45.2636471392014
30.9150737056291
0.384580269208548
108.997104206906
140.641445472654
147.37959873933
154.210829575617
-8.07345282225661
42.6800368978191
23.0869090444337
2.47528101539288
42.8664261977741
-5.37085884451716
57.1749915846596
8.22491814062648
65.6820726135714
87.0916326731323
-181.287646862783
-49.8637911164808
189.049501489048
81.9534266911424
-23.3851124741301
157.629496533707
-78.5535396691533
-19.1996860171985
128.278930653742
26.9179467490843
-29.211981275138
-110.276266434371
159.452754501277
3.52659303195724
-44.4625013446249
204.478765797007
28.0921510952071
12.3009232823084
-107.333179845806
-18.8707269403039
-35.015015841225
-30.1971808926042
43.1990361936376
-152.032817947355
295.032178564852
-52.9751635149881
-25.5131252831746
84.1407117397502
30.5142940031494
125.153675586695
-85.8073606929206
-1.59211929888078
-8.69357962950509
-77.0693772532181
-50.3628784137612
-275.548925247311
67.0968923045864
-42.9232545156456
-104.819962014167
-22.2878914709835
-43.7154496284589
68.9466343540821
17.4447971675441
31.5050434682177
32.5816018458583
27.5796785272121
69.8509855446218
3.70344969701669
-228.406361896727
212.940645351977
-288.989153974924
-120.992489941011
-87.0257401083304
-6.2145718085165
-76.0717791241933
-69.5896195861206
1.66487414696567
66.6364837896415
34.3750566111122
8.36301435047819
-41.4462842257565
-46.6922245823677
-30.565270730212
-75.1088555207136
-84.7171520098299
-121.055240177032
-29.1521233790753
22.9218065547567
117.181568074077
-43.3725091149934
260.543107454713
88.1864962408956
-221.660778968167
12.957045382711
-35.4756670381542
102.779874253105
204.704886027501
-152.454182568293
118.000995713326
-5.37483622171117
14.8866035312272
-20.0547617075084
-65.4357111404678
-90.354069355579
-30.8894853704448
-85.2756452941704
-17.7269661510732
54.9106163057044
112.988770007929
-16.4848638842166
24.8848716801157
-118.641528223155
22.0304078772012
-15.2782752727379
-156.625649088306
-147.506197680853
190.994813304437
-28.7830059725031
-159.493905046958
-63.8635627799344
203.186327820764
7.04547886497719
-182.616052111079
47.9713287496511
-1.01463140429667
-5.57293831130129
87.317872568304
130.243119624801
-60.1550994928013
20.6687353733127
-18.4712352409111
92.2968517140027
-49.1367329815468
-106.295233591694
91.8353951679349
-31.4283356797402
-5.03819911473749
-16.936050438469
-116.157947680965
-195.181900557512
91.29176553846
-5.99197931728905
54.6880614710211
-52.2640306559185
-98.8594597692344
29.0576583520091
-21.6533218285798
143.381227866492
-38.2406463994813
-101.50028086005
79.5928479135377
-58.7241857686196
108.782156055359
-54.8590776287696
-13.6320684040574
-345.488878460138
-138.971386541647
25.202855603712
-58.4885009852183
12.9316215137908
-145.641941555563
17.6447960253511
23.7128213651136
-33.6837044030256
39.5601926747344
-68.7637054691849
-83.6676759317544
-104.92544456052
94.6498193491561
17.0728441040045
4.16375955610417
71.0602497792419
150.648598339534
-7.86990965052915
73.812892446506
89.8136139505878
284.245517335668
14.2385717533211
2.96622438952596
-94.3020970404372
166.214267851321
-34.5120861311223
-21.6078751138112
234.620321846545
87.329265998563
10.2704628359394
86.0075545488477
-20.6539503193968
-87.4208944632352
-33.9638579103815
63.5753902847559
84.005207977285
-110.766724512919
-123.701931285754
-9.35625785741064
59.7296862378398
89.3741150757715
-22.7488817667722
43.4098450982547
-38.6006606260881
75.6544670967504
-50.762580484232
-33.735690896893
-22.1567355544845
0.943430215183447
147.470156830967
-19.8853840739176
41.9037044157552
-25.7201991553408
58.4191612535589
93.2750925072397
-87.4161266203956
-160.969388181138
-121.318299473363
-66.4693670353139
63.2603357685762
51.8287546670256
-22.3961759093157
70.7534075554456
-27.4756824076669
-184.897597203926
85.2450801345941
55.9859373283816
37.2450530961898
-65.1564157133218
-30.8503346283499
140.582790385448
114.582810492644
-146.118067975712
-105.026912505347
40.1387983513188
-34.7243066456417
-40.0664708698628
-108.395570001593
233.367071856358
-14.975369054927
152.589588471587
-32.8580766220317
-18.4093711107919
290.332127590378
45.8033482564661
-62.5532671150571
-25.1737713195968
-59.2337071117354
13.1212561367343
-39.1978626519329
-0.710842597388516
-31.8995157413859
-69.6257883672913
98.1701497985258
29.1990634021714
-136.572533668728
92.5864816225978
-75.8324017504241
64.4934808957672
-31.0222181616349
-99.1406267226448
170.985441754178
-4.10465045056293
5.10250419885708
-82.0291621341384
-19.1290143986915
34.1621452254015
-185.96802282855
110.436395625337
-10.3410689809967
67.5470182525392
48.68792389484
9.45406714861163
-60.9541123312128
16.1269095445293
56.4286699855623
-87.2449956949045
-50.1114377222378
112.750472467296
57.2301389344586
-79.6740398014699
24.3332580809324
56.1198172894329
20.0053272789633
-21.8864020289951
105.525647665341
-177.613573991499
-85.1483290425291
56.1594794246909
145.287683989394
-172.164993650484
-115.62283960654
-9.20246679484569
99.6459534648923
111.520903259104
82.3048640327525
-44.4945914849341
-30.3690287882484
57.961718131926
-91.6473234675002
84.5274551509958
-88.0964842767942
-11.1686187234178
-130.8878212765
122.933382142862
-126.703744560665
34.2063731735583
49.4032052619579
48.7665684814879
-214.91582483639
-105.336416813103
14.1535022685125
52.3071177746079
-95.6036513747536
139.471748531576
94.4235172444614
158.773421188059
-79.2224555924682
20.4969728280276
-46.28498962844
18.2423605277236
-73.3416805949982
266.238537959493
68.4400044020569
168.720035558864
23.0809827916543
-49.5669593947155
97.8742176545922
125.26113146393
-37.6973015563962
-135.642107780861
177.538404018389
13.7838440767033
-69.5536383489095
-37.4302441308817
-66.9155881915958
-8.100367854235
126.281519670033
-138.469105405522
59.594391459405
101.630006859773
27.4492913074873
20.5611913534317
165.709112283964
100.541863229541
52.8507307852146
-104.094743866139
66.8546535702008
-137.964510397255
26.8303704180742
58.7820213468765
145.945809872922
37.7793504059705
55.3024712045408
182.775992147153
-185.73464377862
63.0700087010287
-11.9813194390512
-194.934626919915
-16.8087657562159
-49.3660687045213
-7.6719104207624
-5.41492204369276
-140.866473648178
-15.5799325417158
36.3244793617475
183.194951488466
25.2715563810584
127.470712781715
10.6857531137185
105.856171595392
-84.7561495199502
-40.6905174719874
-69.053726763431
78.7489781374791
-133.989807505804
79.1746792394335
25.718071215538
-123.808717797714
0.823197579783198
13.3788066623724
119.318788665217
34.5629466790989
-32.4125846735003
-156.925807325078
95.3425766275676
117.476903583126
152.108237906137
174.884309243746
-93.1346515017445
-126.863518568914
87.0544083335341
-114.030484780529
-3.23220766196381
-28.0855521222576
123.131586205454
-85.8989765453039
-41.4741641274294
119.874939824276
134.44227022004
47.1599641589085
26.7553825240807
-54.0560293565826
196.717988039579
134.70076334301
7.01703583568356
-6.7295005896043
223.653992219694
-90.1611548887503
88.1793570547871
151.286071572231
-77.4692735105273
-97.6629694565416
-72.7595084563786
15.0791786546296
-75.1543904515602
-36.3854020293788
137.760010948361
-36.1549117555722
28.663921515917
18.6777672045368
-20.3100466917508
158.480714655673
-104.331831156538
-7.0107496359434
69.2662931479488
14.0260451972532
144.19447695367
39.9595908927575
89.136880276275
-147.113276473845
-35.7703655137558
-13.1478567275697
86.0220044188
15.3120738244518
17.8469765692642
-214.409938604614
-30.0424997527625
13.0109519756697
52.9914391776005
-56.3230762808413
-52.4124977293893
114.399953901424
87.0437500331813
20.6339157583187
-8.59913745905945
174.711151998844
125.641549626209
-123.19402242784
28.5467698209064
61.8204557227129
31.1422928914196
-75.0201793349162
106.877987272779
-101.393029421982
17.3453667785949
103.812219886294
-35.6349833560688
-31.947602436306
-129.953660586305
70.1902959914336
-29.7533206662193
-86.4323131329504
-10.5957506002832
-15.2718758423159
-37.3304741017114
12.6460446470437
15.2567412901139
143.71892822388
7.93492761730479
-67.4905428386144
61.5033958554701
6.79725869271197
263.960173207464
-11.4776579478116
167.196278711047
163.771143919242
-177.136952884532
190.03038565266
-42.7274508155635
20.6746617996672
46.2935316261981
-80.3727338759899
121.49682393652
-46.3158140305721
121.146421643451
146.925503016795
30.0125855626842
-23.673538122229
147.197673154905
34.7510892811918
-2.32269914720991
84.0232477278
-39.2439505453753
187.87253343538
-36.7279130340376
-76.7014704333647
-73.8597834256778
41.3635683145497
70.3471508141665
-39.4617109295063
93.0661191513275
-68.3934220411644
-83.5823535782595
-17.5502535367402
65.861564536154
-51.8341327997325
-122.643330991922
43.9248977223956
-37.9452079371776
-136.412894040127
173.568423664218
71.1680259346414
-13.4756207216797
105.981751699742
-132.485456846091
9.75892673541236
-88.1830894441831
-104.483806922317
132.412841200253
35.7095646844462
6.10409680495441
7.10391615267207
-53.973670728203
-64.2710184180136
171.108434911041
84.7084757008953
20.5745012991835
69.0175913322928
83.7525980831084
25.2739452796024
4.99799360897538
107.722427577137
99.5589120323454
-176.62657010491
-53.4068858769887
-68.8909718934544
-100.059402197327
-91.5111783791626
-156.72210325142
72.2370828083294
-42.8742825250814
119.357359593733
102.213695213521
-7.20452859581437
72.9897780872047
41.7201331008378
261.932209310797
-182.236598757012
235.704948553163
66.2611998209279
19.8982054216109
112.321884309103
-41.2802450491517
93.0226006178897
62.6295439226931
119.788523254744
88.0836637042964
-68.833246043088
-38.1873953891964
-162.101395898257
-72.3508034576729
169.806182095835
-209.76818694741
133.609277965904
-9.45421728285387
-24.6560669594506
165.806672050043
11.626343458854
72.4856893685208
-4.73032755252767
11.9640914242611
231.693370207986
-10.1156233277958
-301.70889378515
127.619344119583
-24.2035098629446
-24.3655801499052
43.4359045415832
26.0861001450359
42.0113117483787
46.3779133967127
64.2328795455853
-168.802275563969
-204.232413908294
-67.9747711665662
26.1176301495771
95.8046149953728
-11.2336707404272
-26.9674522897446
-149.204097528902
23.7440580195495
35.3311416108572
-23.1221173276248
5.83036440648304
83.2686427052006
-32.2549366406097
84.5370054948882
-184.846342272083
-37.7241010713897
-101.149378185727
134.676686083429
66.8420900424284
63.6340629971304
39.8919121418405
-92.10782812825
72.8146932933987
104.117341937332
116.730840372047
-122.489385410844
-68.4516657410303
-96.2876773194426
-123.360168967434
-104.505452883878
-39.4840338924395
-8.20365821632354
-21.1666853599079
76.9034888911006
96.4216502419733
40.7729982045338
102.153020425464
-68.8688382003652
-28.5847269029262
86.2684207532358
-43.0211356199003
-47.9088493180619
-42.0493194605181
20.5991144954194
142.2912788958
-144.803052771123
69.9388307436592
-37.0945293641279
32.9350003814998
53.9848133380624
85.4192296052715
59.0746724142851
9.67932185777457
111.550782037679
-25.467822580969
110.548116591978
45.3801659377325
38.5009184277531
-25.3066176779697
-142.038597332255
31.8437129595528
214.233746230162
-69.542554379059
122.147975265758
-3.54619542785845
178.310878439614
28.0726513678421
-58.6879349873531
18.600328952056
-102.216268810647
68.435511469987
215.294978359615
-125.971593441063
253.759187982105
91.8372662215202
-192.081671486851
12.7294555464626
-23.9545297412878
-4.96124583210687
53.8469100478797
72.6449679458939
43.5146821351197
129.616749888366
87.3588193798639
166.984926409354
211.470666087631
-37.7572547572263
63.0716497476349
-186.441103451135
32.3714858452019
114.520651874558
-39.4133990168719
-232.960441757249
166.396769912411
65.2742451172421
-63.1381778261838
-110.510013604555
45.2577219246212
124.162088781743
-276.420269301136
-53.9324620974824
26.6110733494181
-48.9212384522175
-119.868952893246
62.5565076431873
-16.5678492503629
63.3921996611697
-81.2761888623935
-22.7713448901395
16.0935247916884
26.5037182023237
71.8237470790737
110.681399947361
-44.7355931131836
50.0056168941424
99.3146248146268
-12.2797580133266
-35.5723492809967
52.4753311305464
148.333040494717
96.2635415780047
-213.913602468066
69.6244113947175
-4.61308762078865
-219.955296780496
39.4601563319298
-55.8970579309703
-99.4334529382379
-78.4896104111222
163.70793359407
67.3731643035735
-154.311141865245
229.238519527852
81.0632926789978
42.9528361809352
10.7862015108818
26.675463838978
202.46083389825
-22.9753798096447
66.1443254069857
-124.991598684328
56.756784522918
-24.5836754725573
-127.669210003499
124.868284289347
-26.6906132055591
128.202105072165
75.0947519408866
170.02816977199
28.2907324219866
106.186449028279
1.99818937594654
70.7736677288674
24.6616014942031
-79.6360754460967
-149.965884823301
-56.2606207503606
-103.213644804233
76.4392576951777
92.1281213862853
-62.9003533455888
64.7941049274448
81.0290574724736
-177.417578657186
-54.2609529254329
278.142513446751
10.4703417950689
158.982177230688
-114.459730742516
48.8454173158105
-60.7755469898471
-84.9591162306381
259.108283351436
29.5422445050074
17.0901356041883
-19.7347475283597
-47.1689837940776
-51.9084217186259
95.8172921640307
0.85488245746737
186.068820130551
-177.426505979341
125.163605644998
-70.6347231411468
-19.172144122242
69.3455946963879
-113.0650281696
-68.9058085698671
-14.8203183503525
-187.602548633134
-13.2871361135309
-24.6484758726162
103.633663861379
33.1538492689952
192.985264547653
-55.4059862401714
-70.9215756855331
108.66303120487
-69.1282852649188
-205.219568925342
-115.138232050704
129.40256065051
17.4276205952193
-38.8287648273977
170.78269118181
71.8807485318525
26.9337144976171
36.1526249221138
3.30972551346243
-54.5307513151598
75.1758709933922
-58.3146468986774
-87.4274101326207
-67.7125850441429
82.9847138596098
22.8545402595724
44.1173833486974
-27.1674040974504
-77.2060029049281
19.5754084997054
189.894083505855
60.1435394955778
-16.5507677323125
-78.3949531831124
105.56928323356
94.4664897810875
-104.844032119699
36.7979463747532
-13.472166345512
1.62403665109666
73.9368974060577
134.476831217412
-9.14176483881555
-156.021447656103
-103.562342156023
22.338508589857
113.975508523896
131.287170092276
-81.9451779889638
156.755665041795
26.0050807854155
-115.750942807688
-98.802135406624
-85.9972081567685
24.4234368263918
129.691409628
75.1138661212697
-23.1150050674747
162.291808073923
110.496540772919
109.253958266102
43.0824637180348
-112.925968725573
-3.26166392129577
233.776536448256
33.2012774627518
22.2456265405395
-180.410058913156
33.521499888207
206.273190586686
51.3045627799677
3.11121666693732
107.926451513601
-13.2331712224196
-100.871642155848
49.3126109608439
-29.9144475169913
174.06834634065
1.05272150513034
-80.5052189969124
100.614319044808
72.3645219523159
167.545037054963
-104.567902163597
153.84028061247
-39.1879430774138
-111.021914998036
9.70132668601459
184.710926139832
-16.4224060872178
-30.9999704446082
-0.238958014119251
-7.81280159356731
-126.520743289675
-28.6747918039071
52.4836560051813
-112.854420768637
-124.389377318413
-62.7844721618908
-75.2256505078731
-106.988956622364
-145.898120569887
160.542115761265
162.289286797737
-56.1783882625615
58.7822933068491
-92.3488521315308
-61.2940422476639
-28.0515229363335
-21.3093381168762
42.3693531335304
94.522286169062
-100.853005445506
-90.8965615145499
28.82143095877
50.7001880978798
150.337217948597
-32.2775613343325
6.47191478939058
-27.0786035044761
-85.4884333801991
22.56782826511
140.673728953442
134.440818531584
98.9892156083139
-125.183071892499
20.4016290594186
200.213606760149
-27.6092965866653
90.323955074452
-198.765385144667
-75.4535370429764
-58.8720537437007
-205.977476750993
-43.2683609236987
5.18191118660707
-57.6861129283161
-53.2932159045318
-12.9202444662074
72.4623897209851
78.0029197376184
-8.9793651222566
71.6056215261953
38.3673384437186
17.5262498141386
147.224336016543
48.3109578061791
79.6236312888508
-119.160868226403
94.1007145597624
89.7340085889043
-13.5243257566726
181.472982159862
-77.8954771726584
-182.783062307387
-56.2335572276018
-30.2396443462161
-43.0683184557056
73.9314491547684
-1.82774558346443
-4.9637472418687
-151.655320074165
111.153076047558
6.65663651343814
-105.742502201667
-96.874057070329
-126.803497311385
134.398412944327
62.9962952135459
74.2893524966308
-135.377838154991
-1.59283136383537
204.257072276499
-58.6377980896099
-121.653024649004
-76.8557394715541
57.4298983222161
-40.7528913321384
-177.293997342976
124.912033679459
81.2108989284539
136.871899337143
129.091936846019
172.402018734755
-265.633905506074
52.6778944156377
-82.9982532959142
32.6890993706954
73.6682396007659
106.792041459243
-62.3830101785658
-126.270058440808
18.5940641784975
-18.8251870913974
-35.0716628278838
204.886065202832
-94.1917781836991
-1.27280314184223
-71.7163165112295
35.3954767918026
-39.7694580968047
121.744684528516
-56.6836770259956
-18.3855707771318
-10.2683796197788
111.369254510844
-20.5547061743443
-183.629717310738
21.441508491667
-47.9288108446914
-5.3313236036702
138.509281563028
-71.856911668968
245.079504714067
-122.245279305158
15.5481736098237
-66.2686249998591
-61.9622502661557
-77.3449510386416
-98.4245212387626
29.146500931805
91.6146371055548
-61.7771570528286
100.441300462473
64.8437903970048
-94.7338609422596
-99.6183800359476
-61.7619078893509
-180.085350977117
131.039757673662
56.6570398237673
122.589047551422
-12.6519804291779
87.7827653702339
23.5570908068903
42.7223464084351
-107.98192364388
-131.862611359562
-23.6340333871705
-120.082709844392
33.986953008545
-66.558631270737
55.0105550872939
-113.758730022914
6.24051395423737
-7.89816612292202
-191.123453328856
138.479987267574
15.2658756093805
85.8975066487599
43.4560419488684
-0.769445226472427
-86.9563948762222
52.381036395351
47.6991599548013
105.025444632265
37.8879364903651
-68.5984168425118
-213.183848751367
57.1920201108615
-20.83402424526
-22.2036672656295
-22.8735903493407
19.1945063230609
-223.712089209396
31.3303755968341
-90.6634968227355
-72.1685062141544
-48.232734925331
112.647656171161
-10.9548219000191
30.1675815832625
33.1038961391981
29.560726629381
-61.9628391871396
-30.0286578612107
-107.762954266207
39.0955069129959
-141.779698298317
32.2605108025568
-47.5892346002012
68.2968315989953
-184.598325456198
7.22416108212266
214.791370830299
45.512387222003
3.08162627745756
94.8931521821258
33.4660638617699
26.4253380245681
255.450324378574
73.5090894210463
181.738011487862
25.8054589392085
5.38418582343756
-18.3675774518713
37.0266644570353
-12.6061472953928
-0.671385741995132
-12.4270951573027
-109.033928408974
119.136933499725
-148.309686694588
-14.1534198226099
-40.8304063538714
241.980403206895
-15.4085148348235
61.112710383023
-13.6973845314294
-108.941106636594
24.7203941699366
-207.833366909314
-215.998682261933
-48.0623175012819
53.158343471504
-66.7082266094299
-50.9516612261739
16.6128809890922
49.9252976928543
-170.145710156786
-63.8648044899608
-56.8924910495277
-182.372734835121
-55.8574818749396
199.746804664352
-25.1904798113463
52.5448920041455
-46.777018598142
175.196427777883
-50.4731098580546
-175.640918247619
74.446870843065
-199.668471383502
23.1609252299572
24.6978121138969
-192.724672939982
95.6337163936531
150.529269879511
-160.534149447688
-172.182002531583
104.644990840235
45.493876629582
81.2818568342473
-97.2460463168149
-92.6217426342139
-8.29519245164404
-283.300245996419
23.9010979817045
-8.47669051788043
45.9331668790851
72.1738920975527
17.795326214915
-93.1238225480227
92.2953620543966
45.4914273798842
-137.73093141245
149.653974680705
31.8281007709703
-108.259289641944
162.408800371057
-144.921156841905
49.0519201685025
35.6191497045907
19.7386734239726
160.038877567409
72.8956546281738
-65.0648666875232
-16.2398800481825
36.8474809284953
-37.5870828289027
-45.9165766366468
10.2967599029547
83.2201606587612
-23.2745798664034
-43.8636781606627
15.8348466712409
177.911376274697
176.544252071872
14.9948844261082
-78.9838780558569
69.9864542691637
-155.377073382344
82.6212803569252
-141.907737325806
-100.779657110567
-27.15279928742
-54.3749571190518
107.700474385863
-3.46512420118869
90.2931950940362
34.3513960076688
-37.5430852196693
146.544886384773
58.530477069678
243.686790173746
-91.5653696139619
-28.5525863384549
-78.096433659037
-82.0263262101657
130.53171196244
16.4877435884959
-43.0293888515426
-92.4103799785351
-4.40058575279168
65.0395639300321
84.0868112246764
-39.8635390596132
132.656718449308
-43.1341209239113
-12.9221523300101
-73.0269691304624
103.57163142126
-14.8403972715204
-48.605536995856
-10.0922234733978
32.0138978551635
-3.52074668487629
70.657037906179
-123.317365218877
-129.390827490676
108.891759187246
-120.250736444395
170.422319760442
-1.12429215790295
-181.495983753429
86.4165938515334
-77.4052057081236
-40.1535375888141
98.420750903881
-63.9611629656726
89.7804059421573
-63.6743147732764
28.5670811103874
41.0492344004089
51.3166630853366
63.6817555747385
-40.4928245602063
-56.7601697579939
1.91070122737749
-25.9340178564815
-263.143416415388
-129.669162775097
-58.5260622295684
-179.1155959884
-149.088899656007
-63.174456497555
218.737581358839
-66.2175965036663
46.8356999569117
48.1616953289639
-94.5939550442283
33.3927321322907
197.202743321082
2.17502288243545
-63.936127016828
11.4142816828348
118.249642997276
189.447726123666
1.74284886903319
57.2144505775269
-29.3364095207528
132.124196847325
-65.6900346575152
-140.257954902809
270.34225861183
47.4292558457101
-161.323771881548
157.214398274993
-18.3445111179466
-40.6325275422397
-93.3068611532937
10.128364053222
4.75396581689263
-43.2625680979291
56.6201946056905
-33.0206396718612
-76.7862922742801
73.5892991323703
39.1844110763048
40.9255825587447
-100.188272770982
11.2433441805688
-0.886383081335241
-11.5019347720016
24.3619905811564
-11.778113949617
31.6981462452146
44.362187978912
-34.2760391705112
-173.271425437269
273.078846324355
90.8035697383433
-111.911463366407
-82.086781438626
-93.8976542388311
-112.003779497087
-36.3497460054467
-15.3584315589458
42.5051194034706
65.3657414868077
-43.9793704049532
-40.0176621090158
-159.922625865328
141.782841840122
-78.7206324504483
38.0149147186017
-132.159587623565
-113.099301210239
-159.984202581104
-53.6966680532645
69.1507090238606
208.628021262162
107.721535262475
83.9026272060156
-163.251971803781
74.1448631652478
43.1782430145264
-115.002698453341
-63.7586651489916
68.4073224376902
141.516314381336
-23.8865895466944
-118.321960829515
61.5822772167971
-62.5459207065657
54.2012762255268
-148.373297446301
44.710940757463
-172.172714135661
33.7445859398968
156.333481857368
-91.79167119162
160.82968287717
-79.9873631572892
49.7757833040513
1.35947272917071
73.2447372944825
146.032891119843
54.4733192057413
-85.7765338185453
-80.7440792504207
-14.8287308834136
78.5006645716596
37.1672153083339
-43.2339555699686
104.573355037571
-52.8453067830942
17.7529969199755
3.0483874858129
-188.575509379425
97.5895219684054
81.8424967273909
-20.3099201768288
-189.685781791435
-188.806717164989
158.019254371259
-65.242038047092
0.140326676969528
-104.41803943657
30.3807208103248
40.6994151150555
99.4838372057175
126.401449498999
56.0655206265634
-59.8964625634605
39.6284266736951
-17.6836087107375
3.50057957071151
-85.1741469515716
-114.754850605889
118.159516411992
-21.3331911784892
-15.3743233721549
18.9366691753036
9.75684507325617
-53.8130388159819
323.697843797833
122.463653475465
-19.5911664847398
138.707934909661
-148.386522891908
-150.220151134847
51.7016352256837
94.9812885200677
-32.1750693171227
1.34252356803045
70.5830558655453
-187.338846363314
-23.134401968712
24.4889355205288
16.8296166123369
81.5160637226773
-98.5691310252425
86.7901571379025
20.8230637988669
86.174586021112
-173.461991783757
162.79936612169
-16.9702405628648
-132.07584460588
-8.954144877189
154.260584980005
91.5260347209888
-52.4342862524109
72.1484787254711
-169.731686907079
45.4853010826528
-96.6623113142035
149.077941201336
-95.4586608747583
31.2316232229552
-140.239858653236
12.303718981971
-69.3892499567867
-55.3810828730108
49.0087942087792
-123.816052836655
75.3301422318367
-127.185855257036
50.9178760537684
116.044735323704
-84.6867161455257
55.1753551813371
-92.4867551077704
-76.8033229333848
26.9377312883328
31.1874771629761
-107.116078289466
149.622277560017
-337.92643365856
-104.589895997699
120.468316015205
-91.8438965802286
-49.2056674506683
1.56878039581577
70.8809291509613
-95.1721832507371
176.851787841437
28.5400971984158
199.47114942073
-105.060345251013
47.9182234319159
78.9549847113422
-89.2405485578338
-62.3369562684638
-49.3739269756147
-84.5516137526102
-79.3781519614192
92.0347225852134
194.968722506032
109.759818527261
165.175144227173
-44.4217886013143
-4.66839304681897
20.9053416603467
121.055043473698
-53.5119303075407
13.5264335400633
21.0504298084124
-40.8794827230492
25.3360603763154
-112.648730757647
2.02015053439449
91.4610469809539
2.68426386052362
9.8016397552706
243.573223383233
-43.9256939910217
253.359068056746
30.3737912245554
-13.4700551544228
76.7967404290064
91.8142991150124
-68.2373599943597
9.79800891978477
168.63568512772
57.737378298366
-157.788201432774
-13.7403887871128
83.7660717871906
-59.7535587469563
-3.04442888675188
-42.6669229409281
-0.490226264115411
-114.25642691125
-119.817820748091
105.882151496198
26.0909950958521
211.381204206106
23.6766315882493
-50.4772626840994
-232.195444371503
-15.7649215049697
-109.457857001173
-55.3867715436771
90.9554763930486
108.11079180705
136.549426848491
-216.667518238667
-0.279583470544743
54.1655646515473
76.8947615440449
-20.2665870979002
-32.8512356376016
168.607289057265
-3.99683214161378
-18.2398360725193
-223.971774670482
183.791261300102
-86.5722610562989
80.9450733229718
-73.4603137668773
132.035361489039
28.957249900944
-106.697805907875
-264.439107508651
36.6558640985186
-92.4980825456978
33.5010960684122
104.617129106458
91.4375357611428
-12.2830581711529
-157.314923298336
5.43291064014042
-70.4641522249852
109.215872103856
28.2707041470686
2.92262493888386
9.46631036278715
-187.519013251865
97.1207784954626
-129.509033737943
125.617616597119
9.79860702185436
-55.0923936694291
-5.53119222765638
102.833823130494
69.9447760057354
45.3916555640973
102.274951725653
-37.6262274318039
41.5685442570532
-37.3366470219283
16.1498204055815
-22.4998892530359
43.8411781670133
-108.278126129577
90.6842200263594
104.575819909234
-116.908324091687
166.740455256584
-15.1590989667814
41.7592586272822
33.5754045067255
78.7588590382303
-27.7746888049203
5.97803013641896
-46.51211119826
206.719059237118
-75.6291405375017
-42.0035198309984
-110.069323032341
-128.506498496364
63.5404184693012
-77.5019233116279
257.298809926723
-110.903850624667
-53.666784834261
-69.3012191816483
0.735010995520876
25.6412967137248
-131.224054889286
-19.6759502571617
42.4878096307274
-17.959554947388
-41.1408379163634
20.8792362799494
-30.1074965398545
-178.735560268247
89.8928090522403
-40.8446861582705
224.630470156187
107.841688161744
-25.2833632696563
-245.909388888849
38.7372272159932
47.6575355772695
-115.936643732078
100.225344797913
-113.891531573525
-5.12397445569025
-42.149660379477
72.0338763543719
116.387454491879
69.3090398854849
69.1584438885372
-114.780984384632
-10.9544731223677
-63.6004560598623
-134.364564613457
13.5125939340963
-40.4734460093445
100.560496086739
133.722649210992
13.0754536775399
-131.401524487007
-68.313530768458
-141.321039243448
-50.6264216566661
137.902030799933
-155.951231761464
-59.9127927066296
-11.3247219978134
-149.04990496351
-34.6144240055063
-253.550725822884
-81.4524773976658
-57.7331649612641
4.45954792073831
51.5471341859189
195.067429590299
185.655846326241
24.7790255445952
-51.3926160878774
-38.9357791483832
92.3596509135131
-9.83165963992574
-59.2089496134582
123.034184890361
-75.1140984703409
-162.171450081091
7.73518353759996
-20.1182386727546
-235.019541740152
42.5528854806024
-39.5613190394235
-207.680556918994
6.60789149441311
-48.0900850125659
333.765123060171
2.44039377804129
50.8098430216162
101.525565698069
87.9457571280344
-41.5908208506448
-77.2687650177295
12.454817950643
124.976591276733
34.3527224867159
-44.1747892444972
71.4065386677751
-138.84420841382
84.7585266145142
174.753672090166
-167.682441348313
-248.412282560524
-14.6539012784392
69.5717601077991
-188.693724700373
84.8235973333625
58.1818585493102
-118.787042694414
-34.1097406775264
138.080429805245
4.05759490345914
-105.319252341301
104.802796914354
-185.139542338014
-9.7847882621316
-45.1539700956648
-6.5437860090361
-131.505041038031
259.382856220933
123.137722310006
233.177569205503
-33.2693503080699
42.137959843991
-162.829758978735
-138.18665962653
67.2247722781455
9.74250428503811
-54.4538516738336
135.944226363305
-102.081751277394
149.133413195947
-90.0828039370142
-38.2966118287966
-66.7614308171099
-68.7060741039199
171.355044909949
64.85795529986
-34.0154929844764
169.248535852572
-28.718225738603
188.055382733602
40.8392137509012
6.32742274966841
2.13896876164581
54.669604248695
2.00596149520112
-222.552737175219
120.775682759335
-113.221837961338
-4.02915629836139
71.6558524369494
26.3179708405825
89.4005239191278
208.921243423027
-38.3932931191673
36.3450218364232
-8.93245789345838
151.123768957385
39.2321225202381
59.9075048319799
134.961642322067
58.640047016565
-156.470788061424
-68.3409324577203
89.8234539184122
5.01193280219308
101.434675603896
-68.3217773635416
238.005201930526
6.804314435902
228.909065902195
28.9636469659235
164.08004775453
-64.4765969791441
-26.5471019092357
82.5721660026195
-13.6079472300373
0.475268529035982
20.2296430509218
-30.9506692148471
-56.5496279030347
66.7783782252188
-14.4089338471168
-73.8482458587177
106.349184730908
265.126902386085
-83.3079258193182
-13.9585294870838
-42.6985060552768
124.774403917041
90.1207229122017
97.9577741135349
-112.546050311159
21.591885792474
36.1516837627013
45.6838066143959
96.0796429286025
165.395559665131
48.0003228075271
-135.972720486721
61.1591513505954
-68.219095301714
176.324973561422
79.8702821612906
100.033698638105
55.571246296285
98.7696677352804
-22.7679271518668
38.1538802588604
53.3810958693137
-26.1348419072513
-27.6033205291115
-90.2392971891342
-18.31689337849
-24.7212294638604
-161.155135577732
-10.1325993033593
-68.7951306819762
164.38623650321
160.425877862026
-122.92795232986
50.017696823962
117.390356438837
-27.9198058771221
-81.181517335291
60.4288975570947
67.6263955414646
2.52129903507186
65.2631947674552
164.992029496034
12.6575764470357
6.66334600796532
-94.4020378172866
19.1126924152226
-42.7846726060914
89.6866520399441
-79.9144349465791
-211.055878113936
14.7289845073122
-80.5261594941064
-5.90434139018841
24.9141446216745
122.087888747644
-24.2266184081144
-80.6042559951043
-31.9273317151407
112.578826286339
-49.1044870506366
11.0671476272136
-60.3287235597815
43.178611812906
-154.785494550284
215.207534018959
4.88888730679453
27.3913027449389
-10.6038996157546
141.787438121686
-92.1476963044224
-71.1763558827296
126.223286158145
-110.898409710131
-20.7913312170173
155.578433915932
48.933600852955
172.343530788882
116.612972163052
-109.889989965546
18.9218697620663
-23.9920617778949
59.1623604745215
-36.6082438154925
-192.183729712358
103.982243770669
109.230469779475
-142.383197541637
73.1781350820992
-74.6690379005679
-70.3068929190627
-178.604958783319
52.8078465641488
-33.5782750082615
26.0919407413965
-34.6812580295132
113.02546043508
147.851952093377
-63.1760330758956
-220.635061848401
17.7225747774092
83.6787156538124
164.354338217925
-47.1079366634421
10.5811646814634
125.605731746115
-10.6077692786428
-70.1576018198042
29.2384386824634
120.794656583242
7.73628126220244
-127.966804228853
-61.4591746059784
-184.949254176897
107.7315266193
-188.982820636139
16.155576422621
61.4749150838115
6.78899558027508
-164.723553600792
208.534356909763
103.379049449715
-56.5851068654691
-43.0844920522239
67.7483938110363
132.395752284198
-87.6423854963503
146.076168773619
72.2572029322027
-162.403481414868
111.704401301777
142.766955050843
-40.4350933046736
6.78996206314589
86.7612623729131
-93.4109893799559
-91.6835711153331
-5.86897101106873
-15.6211167165274
27.0875506062365
80.2594957775232
60.4189303122839
-149.1714592232
-2.73406163121333
-111.578393693913
-13.6531020356814
41.1903155092575
181.605495574806
-41.0976846447645
34.7976419156803
144.512165792315
-64.0630149849784
-51.955225327875
2.69881206280462
-36.5946444411977
-155.090640133603
-67.0170010284147
30.4933666992754
23.4771045716795
168.903477962023
-159.983005528903
209.389882889767
30.4028670907909
-78.4048031536139
83.1298105353637
-86.4570640748981
70.1955349009242
-36.7158624154178
-72.9733286685618
-38.7954764340909
-303.159852328643
20.3907390154773
-162.639386939913
35.0067207731186
107.994555489428
52.8803862771016
-202.714602015195
192.004828590465
87.965024207882
-157.125759499011
15.4939720556832
-36.6533956496162
176.530794622399
286.166559257646
-4.55044526732805
112.934421549037
-105.074164275777
30.5045353066401
-61.4319687926242
-82.3491492890768
26.1558305148072
-68.8782803540376
-3.4241536924502
-35.6819252642753
-63.4650787731765
-5.60660818597916
-24.0842926000739
68.4985235089597
-175.13633082498
-164.472417335981
110.133524783187
-24.0171438562193
-61.4069398755024
-62.4163377655231
-34.8773885110215
35.7551947706073
-126.071788245987
-6.29644210151322
-62.9154290698534
-23.3953295030324
-56.7170359823
-46.9051373764418
-151.681433483983
110.607791748135
7.15135020598971
14.0607645426992
-21.4030847593553
-73.0261932296241
-120.268541655437
-27.1587703212676
-165.783485580049
-23.0578759004541
115.795537531893
29.5170103679756
133.221441321143
91.5855725910256
105.901581283588
49.4826631522898
-12.5064646868622
-200.689245551865
115.269265978343
40.4955428514157
-178.335511825213
90.0288015361357
30.4756550101552
-29.4912012227508
53.6695939158956
-3.21384712701065
-46.360774296332
-39.6974322208602
31.5675193739694
-68.941763838294
59.4076957825353
-34.2838314114654
66.5953412674471
214.06392415026
139.881290270938
20.273240926825
-27.2843912011086
-24.3215833801861
281.200215650088
15.5448966329201
-58.6724244585554
56.6368016001445
54.4210226808042
121.742355816164
49.3264445485262
180.329641238169
155.793978143458
221.605365961256
142.109353057218
27.033191643871
-13.4089421576016
27.3967560679031
-19.108233468542
242.022774396018
-46.2640468447695
-29.1821116668655
-67.8171122228485
1.92905307080584
104.266729514202
130.160305225903
-208.645175932379
66.3710958973819
110.600130523609
-235.168020178594
0.26210063974836
-36.6212561748476
6.3796891137619
52.0806944206012
-24.646737128293
-213.200876266597
-60.0590586417074
6.61818643047906
-14.3605979186903
-154.306480045024
200.995234576669
-41.3110209035132
65.5662258754581
-52.030047019253
11.5982930437255
-187.865204208528
55.3300181933358
32.6277004994271
-51.5857784505053
61.2482252453322
35.4569361478903
22.6046606957093
91.4670744387851
-144.747122414414
13.8776698814164
18.3721351464959
-59.0861211893867
13.0555133081256
-30.982183679764
2.22934713752755
-86.3954152034824
-135.507322514809
-49.8409476047212
42.0144300364277
153.45923246158
-121.064633674326
84.7457167708605
-19.3215710329134
-37.5271238534369
94.4042343546142
45.4915722274093
-47.0333557306845
55.172759502762
-29.7273562589579
280.277820202352
147.47142752701
117.963267416174
-190.259681820283
57.0113292470552
54.1726564487334
51.418599862238
-53.40297322039
-92.5873495197991
-203.760067340992
26.5048299024323
7.63669555565424
194.791948755059
98.5459097297546
-37.9011405004188
79.6514269735773
-129.243453990387
80.4923581213371
98.9281379263585
-206.738853337672
-41.398861285061
52.5207548215823
-52.8221501203748
24.261859734617
-158.60206322453
-60.3401704174243
250.719405909587
-203.722570426859
-45.0686839088336
96.2041375482585
-2.09866972084353
96.0228820879573
44.4592369922416
6.44467433123367
-33.6427829769773
111.281585226471
-41.1265029080089
11.3423134924884
-151.153588639647
-35.2401630408718
-23.7520338292003
52.2031306946416
25.3047659041252
215.703758754239
-159.632025912322
-114.495487308958
-7.05274490641011
-89.2974615794966
103.728084984419
-177.371417921631
71.6268678531757
-15.5251648392147
98.367441875832
-60.2499741537173
-88.3266656788807
-173.176877378463
310.493130303874
145.640569872282
-22.5211815424494
-12.1967263420262
-65.14253100326
-147.463083967007
-6.44831037638803
53.7150045078329
-31.4645137733652
-165.699435285263
-77.5292085589176
128.941834424682
58.639965003432
107.968255329823
-133.575664693069
64.0754465158446
29.3326056791171
-67.3785915519201
-183.309718396328
42.0431669575401
-116.455686781508
-45.9654874595702
75.7540982395428
-13.6961859247148
138.925077464714
-97.1172990977121
3.5050888577956
54.6182999886275
160.10703392812
28.2242978877669
-53.2970031353236
-24.6453997520531
-71.448081633189
-58.087926066081
92.5936341249535
92.7868457458636
-75.9837798681069
-9.52969945354767
2.74504677159298
105.228088217536
14.6140188501634
-78.420032770274
42.4493801787443
218.405035929366
15.3943334098963
-96.115068962591
-42.4230393131192
252.074154293217
-93.4401904530822
33.0783531097448
-82.6409315196273
-173.760457123287
-106.220822624923
5.27843921580632
-40.0944177890179
-89.143778248691
-122.435209406401
-92.0344138825747
175.536736551811
-82.7021175885641
-88.3023621843163
-145.493155717471
57.3990415853965
-72.8017543843936
-108.064572707538
-92.9025139481977
103.465430767858
2.11864013711981
13.1734134878538
112.099034276262
21.9912074082012
-131.927736390326
225.989004451283
-130.158849121773
-30.6170240798919
-39.0647413036997
158.333742694105
249.891187771117
207.525969008608
-105.852314462982
90.5924913635219
89.0348586809202
-23.6953954260371
-122.209155672858
-261.255327167376
-39.2641870954378
29.2931565328955
15.2797473379066
106.171411415351
86.4557158240629
-49.1976293374094
-33.5083085413671
120.038953781206
-0.842580819880082
-123.379229061541
-17.505151451952
-43.8785214466088
-18.7005966643629
-77.4419748613575
19.982924090814
-18.9703531526136
-62.4034980282643
134.951405302904
-86.1753176506699
-144.844593158118
-47.6669253760107
84.2594541979391
-216.167129969202
-212.195316141665
-87.2542870510758
-199.292850308142
25.4413151481944
38.5331875774053
-41.8774301082393
70.4816959160503
-19.8234652276575
160.796119698841
-192.563773469331
49.8522962269471
34.4606027602421
95.4466611092982
167.713255525243
137.938496858882
66.8410990383208
-231.082517200317
37.0012950598055
12.7670781924303
-24.6135040181791
180.212742720224
-50.4246151289755
41.509223323535
-250.101240426904
-0.770793659137017
157.569748909926
147.368200087693
-89.2479701166247
-60.3390564062545
-9.11638089904663
132.90872664791
15.7712145314117
23.9151693190449
-49.5707379693008
-103.898813864982
29.1291131545572
-9.81893282803025
133.468091896998
-62.245998330198
88.9110010171671
-41.4965471225249
26.157595173613
128.779255062411
147.612545490276
-65.8965042104364
68.386858188972
-50.4060678806943
135.442006509083
145.763678527682
-64.6039843868571
45.6182566223334
-7.35237244543021
-45.4839189759388
-23.2295989628408
20.2108737512592
-40.1140363867675
-47.2765260627439
35.3476926371904
-83.5240626096566
131.142241444686
-40.5615579962155
-221.390212380991
-23.9766159591502
-38.8771150011406
-51.3651171340426
13.9735180695385
48.4914149245751
-164.474870556668
70.7473144269765
-2.25203311242372
83.4078469481373
164.233631928301
-195.196381929381
228.812438343304
45.6513684531583
-13.4161854904753
222.741904568788
154.918656693782
39.1068772044342
-22.1453382702891
-36.5511362449187
-110.312942823012
-72.8390205051299
145.63486876657
-227.730763972137
-91.5123594151847
-157.942229860733
-179.156878808009
85.5372189735844
-105.310424379395
-172.396906699198
95.0864199469311
-176.364505092212
-80.2315727342548
50.351345829394
92.4652907338408
-27.4531749168792
68.7612691143032
-26.4485575711745
-57.3318175002419
-108.161428973121
84.7883374563304
41.513923158089
-7.41835033668361
-30.7394005048284
-42.5464902900321
-63.9792685187135
115.516450972054
160.533852541413
117.751178816151
30.8715790478356
-64.0754391661906
147.368223019312
7.25616856787187
46.1883430758058
116.305972311567
4.1329121019864
-28.7323455801852
-128.889185378051
35.9377561226582
161.61866003964
89.1319917220322
-2.57271777629437
6.38192216832683
-36.418108977776
-124.191852578368
-29.5126194910456
-159.783579265428
127.501775935879
-183.63399269926
-33.8075506969679
188.391245962637
-81.3009680023321
-31.0881408663007
-176.668789571784
51.1065105167363
-82.6524902365547
-78.0603292745154
199.811121020822
23.0089814694574
131.95068510108
-10.3780490623381
-36.5997786999184
-122.596579357535
-13.9571824424401
-4.15018349842091
125.043480980731
-30.1208596559817
32.8980902346076
35.93391334652
-18.9644675634144
12.5614583107265
-101.796409854921
-116.663740990586
-43.570889140565
4.3805928726718
6.89170033877787
3.86766723680796
84.9894620510723
-2.77258156898904
34.4392599901218
131.189942430982
-87.9296317192812
234.642259113681
-58.5292838754672
126.852251636103
-65.4408141670223
120.646619148211
256.116176812296
-19.045705055008
-100.862796200882
97.3884303416296
261.127241914805
-113.662598692477
-10.6840222901513
-254.545804309924
-62.5069644700979
-7.64233990700771
27.4977821212884
80.450080356445
-83.2985836522822
10.3546058413778
-181.695210952796
119.633597748311
-20.8908502008562
-140.319708985434
-17.0082187238894
133.05008193821
104.427673634487
-73.9600324518396
4.50102851412727
140.27742655627
60.6902153036775
99.5243806079125
-100.774841882405
110.356057989566
-109.414833507799
4.87312052702683
177.272555000863
116.805239782657
-59.0923306280621
73.0597013038449
-8.11670699277588
114.517834930284
-12.1006254322468
114.226910073541
41.1684793066733
-64.7435368091103
-73.7605189839694
-99.3159407162811
-120.750591008777
144.622701999317
-11.5019187650724
-11.3579777514796
119.389852445178
-28.6086769304335
-100.617847229783
-52.5555854583159
187.104309290081
166.257791964906
144.912904252806
130.93067509481
157.276804148991
73.8097448371478
9.86594983560138
-0.249090387165151
294.743434112903
-35.6120504179445
98.740165627989
-27.7767948682981
74.7011756815826
-93.3339730712876
108.259438740303
125.062040296729
-105.220026778175
-137.706420038667
132.814558659164
-16.5164525206905
79.8002178665139
-131.671021513962
28.1441544630438
-64.6636411531017
44.4153075679318
-33.9545695656579
91.3006992376241
-80.7912025583412
-48.5947471956869
-56.5534972962107
22.0507694485988
-58.7460798387676
136.147441898709
-30.650141373489
93.5435558397842
-9.33156564417633
25.161911421343
29.3731994653739
46.5370992022494
188.148085328665
96.8234252398846
29.9983601373003
220.140142113686
-194.816731186427
-4.93227135915566
78.6808392100418
105.409458145975
20.0285412536288
1.28703986904609
-119.174463187474
63.810758382834
-121.206570585218
-17.9486397088003
-70.7667654683134
-193.447777015701
29.128615944527
14.2329743404801
62.7859149979778
33.9851119360777
-192.09357698585
-86.524000602098
-16.4446538520899
97.7728035603943
-137.857571811433
-10.351064911482
-90.7638449192361
93.1598513459634
38.230485788839
2.11612585092344
-108.977272572113
-2.75530718897492
-47.775811615983
18.5532788465217
94.2232137053042
72.6728851041111
-56.0416448447967
-145.249090567272
-36.4141953197431
-137.760178968944
2.44044831133461
-44.7108907681056
50.8680347389044
-165.179898577301
59.519164360445
-17.2578630437596
7.54780747065422
22.3626686452995
12.069708687456
-49.3548374277632
-22.5620053697812
-57.6857788526057
-63.5900396342173
57.7341206558454
64.6859045990509
107.319628520741
-112.386416337275
218.134459301178
193.018163584449
-12.9392739117376
91.1561665354547
120.936396414977
95.8844466060178
180.847531235806
-179.183631002623
-197.247080480404
-60.1540939576668
-71.3301557770656
-73.4068318760458
197.294914049491
-229.509710622494
-18.4566023808227
34.6237460146153
142.760066485087
-66.7971536558326
111.848650912907
-206.752889398344
54.40730755941
1.72700987729581
-83.0299969283671
120.375546423492
-87.5861205031846
124.020367583471
36.6586122840212
19.4379199509392
90.6113575042302
-60.4461422818051
-214.662391772307
-57.2820751866918
-22.3227155929869
-6.00402100948304
-166.00410948922
-63.4933262902085
-100.436016547935
-192.717565181798
-68.6441910249859
-98.866437406998
-18.5185537349593
-10.1429027415179
-71.45206728945
-26.2080970159359
-26.2929259143436
124.860924329715
-23.7394241705733
65.2868522650482
24.8437730813312
140.832870963429
73.6466592368778
-232.040555518323
53.4469777750796
-35.825756421956
-79.4127997014536
-135.10754587278
81.9469205034857
2.58116150569281
-70.5233896083076
29.5724445965304
-119.420484418471
99.1737970930565
79.0547476832312
112.391554708608
60.5759862456265
-83.5567511885262
-110.829391179515
-72.2949727530561
228.468209409233
112.772548355237
93.9796921854333
111.995104617875
-160.440690059472
123.839843727629
85.4234056370305
-39.286136867891
7.3630046865597
-74.1683435438838
-32.9895025008477
-117.131858697998
-16.726563195705
-187.510935696573
213.699206868831
142.473587877552
-92.0761960794036
-68.4870601316769
109.572678238891
-46.2434202323908
-26.57417336639
-23.3628511199687
95.6367234476092
26.4622924421697
170.632669401117
95.7122674965858
169.9248467998
83.0244443381026
246.10255436955
-136.266113690995
-166.980705933558
-49.3087425032166
-34.7879207579102
-53.4976968714028
182.940302768555
-58.9476618662051
-2.45818229152943
14.9726103157347
-0.966686493698995
-5.95178464889434
40.8289188206966
-41.1927790365088
-101.869526434437
125.957728256731
24.9652792835719
83.155255872037
93.8705256251515
-110.239910109598
-62.5469376514909
67.5781679566997
-44.963115202779
-55.570858651321
166.252996367843
41.7290772974433
-34.7946506756341
143.429353825895
68.0609733409906
43.7696779847784
-217.764289261735
-19.2800444595736
-138.499691394299
11.9283672493721
20.7460661478425
-101.567996652823
95.4496248736662
135.800228587219
-179.251818716605
-19.3258509851181
-54.2303614993183
80.0160941766569
20.1513252830603
20.3864397482364
-83.2846852440148
-15.7109153760948
29.2161156168807
-169.400931958725
124.61044130347
29.3792057569242
-122.564597412723
96.0514208435202
-49.8091833487923
-32.9216899028175
85.6867695988389
-23.5444651577602
26.7658398394029
-70.0547930067745
101.172172368827
66.0890791502151
18.2714675997027
129.766325126073
186.836947117693
-40.7205933430452
-95.799470365133
70.3393619759214
43.9356137694018
-166.927237347341
-6.75598636446661
31.4611585628289
183.771141836034
106.988994657134
134.644860119272
-77.7894935785283
29.2965641129216
113.244491419584
37.0530611983382
36.0646349993209
65.0324133761648
125.31905946386
16.7136436272051
-123.110041551234
119.346346531268
-50.1953054859848
-6.55195750068077
-88.1872933124004
-2.22965306652456
277.848204447826
-115.345718196243
-230.324766959119
71.4694568410546
41.1292744935471
42.1687573757445
251.708072841674
-89.2146426903551
90.289719333899
-47.056797412892
179.459053719311
38.8086169767325
11.3371702883246
-15.6165762989323
95.3455061505546
-120.553847828035
-205.810411191876
87.0387503716191
106.008870761171
-26.656271308075
83.5237697707663
117.993205413452
84.2094478024863
-16.6999337884188
-68.2259645340826
8.83844961971148
99.336238463312
-86.7449099737489
165.8402881352
61.2759052672938
138.284114598407
28.0287277558967
-20.1438878324574
15.5875805155015
190.386152524942
-40.0450923910215
-128.964295211197
-13.1997885225888
194.407453785648
39.728454112455
-112.106413677182
-125.859092838603
-16.7684504125403
-93.8811825777305
48.220804992472
21.380996419791
82.4951742357461
89.3261905673891
-75.3609539553876
83.9591132088085
-56.2083109227848
160.573141891955
-20.9179786752362
-2.40951866639236
-77.5033721153841
87.2593851082609
-42.3830977954088
64.5205377048264
-145.607520583552
-2.28409982074838
-38.4945427583384
-35.0381463001956
-124.440442568845
58.1566065859694
28.2032998297339
-0.701325519495862
-93.3183539911056
90.8191276152985
34.0330580163935
51.3435348289403
-27.3733497522951
4.48129982542466
-13.8414357999475
-162.942113873243
8.36443133343601
-42.8505602823889
-179.991031528611
253.208576809913
-2.08804126626492
-4.053398056702
-53.8434326062581
240.363882088195
-128.22297488399
-113.69690955696
176.324286226532
-0.756060645580194
-29.8354705932989
147.188014394152
113.693335037611
-82.9929667072511
-86.3353809091245
14.7246486291816
103.946797604605
144.905107570876
81.8549237966068
-88.4957743868022
105.137347329395
-131.586361921852
-7.64294533023406
-133.104970540401
109.131331255119
41.1053961603908
98.5676133477484
37.0109568701456
51.1205123509273
22.0303859611996
22.5732335547504
153.368861340949
-128.292498976723
13.088969684869
-18.0307870011579
-52.1573831133667
149.295210432782
99.8254784112478
-14.1881116246964
51.7914230562272
77.7464971494667
201.955460701666
-202.486292258146
164.566824725842
18.932898744143
40.694895538288
-79.8280676687566
-57.9768152675915
-159.284853520925
-12.3615688729085
39.743063110336
-54.7723329193494
-161.151400487498
-164.550494428426
74.601147809559
-47.3053041956026
10.1405881649389
-106.060997238226
117.286002841879
-59.6518916918362
-279.620395629392
-92.9215651292372
-59.8766950891351
-143.599362742157
119.333149580333
30.8392209332373
109.773464239809
-195.449301074924
-12.2000866042418
-11.6647867935847
-156.468778692344
18.0757694688749
-35.5850434255731
-88.9542148732599
0.898629477856608
